101 0 6266 166
102 0 2001 435
103 0 5713 427
104 0 2525 165
105 0 3817 190
106 0 1501 337
107 0 5253 442
108 0 1685 462
109 0 3171 348
110 0 457 216
201 0 463 346
202 0 1504 446
203 0 5310 413
204 0 2329 274
205 0 4812 472
206 0 2199 263
207 0 6104 395
208 0 6604 230
209 0 5303 245
210 0 3728 150
301 0 752 260
302 0 5324 250
303 0 4760 356
304 0 1275 278
305 0 733 214
306 0 6337 248
307 0 6085 430
308 0 3525 471
309 0 2743 196
310 0 1658 406
401 0 3200 268
402 0 5455 455
403 0 4942 383
404 0 90 436
405 0 1034 282
406 0 2643 214
407 0 5700 345
408 0 5304 444
409 0 2094 361
410 0 5162 216
501 0 3451 216
502 0 2652 403
503 0 5083 466
504 0 4066 172
505 0 5320 435
506 0 2554 308
507 0 6733 173
508 0 1321 340
509 0 1439 494
510 0 1324 236
601 0 2811 241
602 0 6135 263
603 0 3706 235
604 0 1685 402
605 0 3895 498
606 0 4699 498
607 0 1110 493
608 0 805 182
609 0 3267 205
610 0 3163 214
701 0 484 272
702 0 5514 398
703 0 3619 159
704 0 3521 191
705 0 4770 321
706 0 642 178
707 0 5218 405
708 0 957 478
709 0 4169 321
710 0 2987 242
801 0 5019 197
802 0 2257 266
803 0 162 402
804 0 2286 315
805 0 4168 177
806 0 32 187
807 0 2531 336
808 0 4093 281
809 0 4733 291
810 0 4204 240
